solid JSCAD
facet normal 0.7071067811865476 0.7071067811865476 0
outer loop
vertex 0.4900000000000002 0.4900000000000002 0.2773200000000001
vertex 0.5000000000000002 0.4800000000000002 0.4570800000000002
vertex 0.5000000000000002 0.4800000000000002 0.4158100000000002
endloop
endfacet
facet normal 0.7071067811865475 0.7071067811865475 0
outer loop
vertex 0.4900000000000002 0.4900000000000002 0.2773200000000001
vertex 0.5000000000000002 0.4800000000000002 0.4158100000000002
vertex 0.5000000000000002 0.4800000000000002 0.37777000000000016
endloop
endfacet
facet normal 0.7071067811865476 0.7071067811865476 0
outer loop
vertex 0.4900000000000002 0.4900000000000002 0.2773200000000001
vertex 0.5000000000000002 0.4800000000000002 0.37777000000000016
vertex 0.5000000000000002 0.4800000000000002 0.34444000000000013
endloop
endfacet
facet normal 0.7071067811865475 0.7071067811865475 0
outer loop
vertex 0.4900000000000002 0.4900000000000002 0.2773200000000001
vertex 0.5000000000000002 0.4800000000000002 0.34444000000000013
vertex 0.5000000000000002 0.4800000000000002 0.31708000000000014
endloop
endfacet
facet normal 0.7071067811865476 0.7071067811865476 0
outer loop
vertex 0.4900000000000002 0.4900000000000002 0.2773200000000001
vertex 0.5000000000000002 0.4800000000000002 0.31708000000000014
vertex 0.5000000000000002 0.4800000000000002 0.2967500000000001
endloop
endfacet
facet normal 0.7071067811865475 0.7071067811865475 0
outer loop
vertex 0.4900000000000002 0.4900000000000002 0.2773200000000001
vertex 0.5000000000000002 0.4800000000000002 0.2967500000000001
vertex 0.5000000000000002 0.4800000000000002 0.2842300000000001
endloop
endfacet
facet normal 0.7071067811865476 0.7071067811865476 0
outer loop
vertex 0.4900000000000002 0.4900000000000002 0.2773200000000001
vertex 0.5000000000000002 0.4800000000000002 0.2842300000000001
vertex 0.5000000000000002 0.4800000000000002 0.28000000000000014
endloop
endfacet
facet normal 0.7071067811865475 0.7071067811865475 0
outer loop
vertex 0.4900000000000002 0.4900000000000002 0.2773200000000001
vertex 0.5000000000000002 0.4800000000000002 0.28000000000000014
vertex 0.5000000000000002 0.4800000000000002 -0.4800000000000002
endloop
endfacet
facet normal 0.7071067811865476 0.7071067811865476 0
outer loop
vertex 0.4900000000000002 0.4900000000000002 0.2773200000000001
vertex 0.5000000000000002 0.4800000000000002 -0.4800000000000002
vertex 0.4800000000000002 0.5000000000000002 -0.4800000000000002
endloop
endfacet
facet normal 0.7071067811865475 0.7071067811865475 0
outer loop
vertex 0.4900000000000002 0.4900000000000002 0.2773200000000001
vertex 0.4800000000000002 0.5000000000000002 -0.4800000000000002
vertex 0.4800000000000002 0.5000000000000002 0.28000000000000014
endloop
endfacet
facet normal 0.7071067811865476 0.7071067811865476 0
outer loop
vertex 0.4900000000000002 0.4900000000000002 0.2773200000000001
vertex 0.4800000000000002 0.5000000000000002 0.28000000000000014
vertex 0.4800000000000002 0.5000000000000002 0.2842300000000001
endloop
endfacet
facet normal 0.7071067811865475 0.7071067811865475 0
outer loop
vertex 0.4900000000000002 0.4900000000000002 0.2773200000000001
vertex 0.4800000000000002 0.5000000000000002 0.2842300000000001
vertex 0.4800000000000002 0.5000000000000002 0.2967500000000001
endloop
endfacet
facet normal 0.7071067811865476 0.7071067811865476 0
outer loop
vertex 0.4900000000000002 0.4900000000000002 0.2773200000000001
vertex 0.4800000000000002 0.5000000000000002 0.2967500000000001
vertex 0.4800000000000002 0.5000000000000002 0.31708000000000014
endloop
endfacet
facet normal 0.7071067811865475 0.7071067811865475 0
outer loop
vertex 0.4900000000000002 0.4900000000000002 0.2773200000000001
vertex 0.4800000000000002 0.5000000000000002 0.31708000000000014
vertex 0.4800000000000002 0.5000000000000002 0.34444000000000013
endloop
endfacet
facet normal 0.7071067811865476 0.7071067811865476 0
outer loop
vertex 0.4900000000000002 0.4900000000000002 0.2773200000000001
vertex 0.4800000000000002 0.5000000000000002 0.34444000000000013
vertex 0.4800000000000002 0.5000000000000002 0.37777000000000016
endloop
endfacet
facet normal 0.7071067811865475 0.7071067811865475 0
outer loop
vertex 0.4900000000000002 0.4900000000000002 0.2773200000000001
vertex 0.4800000000000002 0.5000000000000002 0.37777000000000016
vertex 0.4800000000000002 0.5000000000000002 0.4158100000000002
endloop
endfacet
facet normal 0.7071067811865476 0.7071067811865476 0
outer loop
vertex 0.4900000000000002 0.4900000000000002 0.2773200000000001
vertex 0.4800000000000002 0.5000000000000002 0.4158100000000002
vertex 0.4800000000000002 0.5000000000000002 0.4570800000000002
endloop
endfacet
facet normal 0.7071067811865476 0.7071067811865476 0
outer loop
vertex 0.4900000000000002 0.4900000000000002 0.2773200000000001
vertex 0.4800000000000002 0.5000000000000002 0.4570800000000002
vertex 0.4800000000000002 0.5000000000000002 0.4800000000000002
endloop
endfacet
facet normal 0.7071067811865476 0.7071067811865476 0
outer loop
vertex 0.4900000000000002 0.4900000000000002 0.2773200000000001
vertex 0.4800000000000002 0.5000000000000002 0.4800000000000002
vertex 0.5000000000000002 0.4800000000000002 0.4800000000000002
endloop
endfacet
facet normal 0.7071067811865476 0.7071067811865476 0
outer loop
vertex 0.4900000000000002 0.4900000000000002 0.2773200000000001
vertex 0.5000000000000002 0.4800000000000002 0.4800000000000002
vertex 0.5000000000000002 0.4800000000000002 0.4570800000000002
endloop
endfacet
facet normal -0.7071067811865476 0.7071067811865476 0
outer loop
vertex -0.4900000000000002 0.4900000000000002 0.2773200000000001
vertex -0.4800000000000002 0.5000000000000002 0.4570800000000002
vertex -0.4800000000000002 0.5000000000000002 0.4158100000000002
endloop
endfacet
facet normal -0.7071067811865475 0.7071067811865475 0
outer loop
vertex -0.4900000000000002 0.4900000000000002 0.2773200000000001
vertex -0.4800000000000002 0.5000000000000002 0.4158100000000002
vertex -0.4800000000000002 0.5000000000000002 0.37777000000000016
endloop
endfacet
facet normal -0.7071067811865476 0.7071067811865476 0
outer loop
vertex -0.4900000000000002 0.4900000000000002 0.2773200000000001
vertex -0.4800000000000002 0.5000000000000002 0.37777000000000016
vertex -0.4800000000000002 0.5000000000000002 0.34444000000000013
endloop
endfacet
facet normal -0.7071067811865475 0.7071067811865475 0
outer loop
vertex -0.4900000000000002 0.4900000000000002 0.2773200000000001
vertex -0.4800000000000002 0.5000000000000002 0.34444000000000013
vertex -0.4800000000000002 0.5000000000000002 0.31708000000000014
endloop
endfacet
facet normal -0.7071067811865476 0.7071067811865476 0
outer loop
vertex -0.4900000000000002 0.4900000000000002 0.2773200000000001
vertex -0.4800000000000002 0.5000000000000002 0.31708000000000014
vertex -0.4800000000000002 0.5000000000000002 0.2967500000000001
endloop
endfacet
facet normal -0.7071067811865475 0.7071067811865475 0
outer loop
vertex -0.4900000000000002 0.4900000000000002 0.2773200000000001
vertex -0.4800000000000002 0.5000000000000002 0.2967500000000001
vertex -0.4800000000000002 0.5000000000000002 0.2842300000000001
endloop
endfacet
facet normal -0.7071067811865476 0.7071067811865476 0
outer loop
vertex -0.4900000000000002 0.4900000000000002 0.2773200000000001
vertex -0.4800000000000002 0.5000000000000002 0.2842300000000001
vertex -0.4800000000000002 0.5000000000000002 0.28000000000000014
endloop
endfacet
facet normal -0.7071067811865475 0.7071067811865475 0
outer loop
vertex -0.4900000000000002 0.4900000000000002 0.2773200000000001
vertex -0.4800000000000002 0.5000000000000002 0.28000000000000014
vertex -0.4800000000000002 0.5000000000000002 -0.4800000000000002
endloop
endfacet
facet normal -0.7071067811865476 0.7071067811865476 0
outer loop
vertex -0.4900000000000002 0.4900000000000002 0.2773200000000001
vertex -0.4800000000000002 0.5000000000000002 -0.4800000000000002
vertex -0.5000000000000002 0.4800000000000002 -0.4800000000000002
endloop
endfacet
facet normal -0.7071067811865475 0.7071067811865475 0
outer loop
vertex -0.4900000000000002 0.4900000000000002 0.2773200000000001
vertex -0.5000000000000002 0.4800000000000002 -0.4800000000000002
vertex -0.5000000000000002 0.4800000000000002 0.28000000000000014
endloop
endfacet
facet normal -0.7071067811865476 0.7071067811865476 0
outer loop
vertex -0.4900000000000002 0.4900000000000002 0.2773200000000001
vertex -0.5000000000000002 0.4800000000000002 0.28000000000000014
vertex -0.5000000000000002 0.4800000000000002 0.2842300000000001
endloop
endfacet
facet normal -0.7071067811865475 0.7071067811865475 0
outer loop
vertex -0.4900000000000002 0.4900000000000002 0.2773200000000001
vertex -0.5000000000000002 0.4800000000000002 0.2842300000000001
vertex -0.5000000000000002 0.4800000000000002 0.2967500000000001
endloop
endfacet
facet normal -0.7071067811865476 0.7071067811865476 0
outer loop
vertex -0.4900000000000002 0.4900000000000002 0.2773200000000001
vertex -0.5000000000000002 0.4800000000000002 0.2967500000000001
vertex -0.5000000000000002 0.4800000000000002 0.31708000000000014
endloop
endfacet
facet normal -0.7071067811865475 0.7071067811865475 0
outer loop
vertex -0.4900000000000002 0.4900000000000002 0.2773200000000001
vertex -0.5000000000000002 0.4800000000000002 0.31708000000000014
vertex -0.5000000000000002 0.4800000000000002 0.34444000000000013
endloop
endfacet
facet normal -0.7071067811865476 0.7071067811865476 0
outer loop
vertex -0.4900000000000002 0.4900000000000002 0.2773200000000001
vertex -0.5000000000000002 0.4800000000000002 0.34444000000000013
vertex -0.5000000000000002 0.4800000000000002 0.37777000000000016
endloop
endfacet
facet normal -0.7071067811865475 0.7071067811865475 0
outer loop
vertex -0.4900000000000002 0.4900000000000002 0.2773200000000001
vertex -0.5000000000000002 0.4800000000000002 0.37777000000000016
vertex -0.5000000000000002 0.4800000000000002 0.4158100000000002
endloop
endfacet
facet normal -0.7071067811865476 0.7071067811865476 0
outer loop
vertex -0.4900000000000002 0.4900000000000002 0.2773200000000001
vertex -0.5000000000000002 0.4800000000000002 0.4158100000000002
vertex -0.5000000000000002 0.4800000000000002 0.4570800000000002
endloop
endfacet
facet normal -0.7071067811865476 0.7071067811865476 0
outer loop
vertex -0.4900000000000002 0.4900000000000002 0.2773200000000001
vertex -0.5000000000000002 0.4800000000000002 0.4570800000000002
vertex -0.5000000000000002 0.4800000000000002 0.4800000000000002
endloop
endfacet
facet normal -0.7071067811865476 0.7071067811865476 0
outer loop
vertex -0.4900000000000002 0.4900000000000002 0.2773200000000001
vertex -0.5000000000000002 0.4800000000000002 0.4800000000000002
vertex -0.4800000000000002 0.5000000000000002 0.4800000000000002
endloop
endfacet
facet normal -0.7071067811865476 0.7071067811865476 0
outer loop
vertex -0.4900000000000002 0.4900000000000002 0.2773200000000001
vertex -0.4800000000000002 0.5000000000000002 0.4800000000000002
vertex -0.4800000000000002 0.5000000000000002 0.4570800000000002
endloop
endfacet
facet normal -0.7071067811865476 -0.7071067811865476 0
outer loop
vertex -0.4900000000000002 -0.4900000000000002 0.2773200000000001
vertex -0.5000000000000002 -0.4800000000000002 0.4570800000000002
vertex -0.5000000000000002 -0.4800000000000002 0.4158100000000002
endloop
endfacet
facet normal -0.7071067811865475 -0.7071067811865475 0
outer loop
vertex -0.4900000000000002 -0.4900000000000002 0.2773200000000001
vertex -0.5000000000000002 -0.4800000000000002 0.4158100000000002
vertex -0.5000000000000002 -0.4800000000000002 0.37777000000000016
endloop
endfacet
facet normal -0.7071067811865476 -0.7071067811865476 0
outer loop
vertex -0.4900000000000002 -0.4900000000000002 0.2773200000000001
vertex -0.5000000000000002 -0.4800000000000002 0.37777000000000016
vertex -0.5000000000000002 -0.4800000000000002 0.34444000000000013
endloop
endfacet
facet normal -0.7071067811865475 -0.7071067811865475 0
outer loop
vertex -0.4900000000000002 -0.4900000000000002 0.2773200000000001
vertex -0.5000000000000002 -0.4800000000000002 0.34444000000000013
vertex -0.5000000000000002 -0.4800000000000002 0.31708000000000014
endloop
endfacet
facet normal -0.7071067811865476 -0.7071067811865476 0
outer loop
vertex -0.4900000000000002 -0.4900000000000002 0.2773200000000001
vertex -0.5000000000000002 -0.4800000000000002 0.31708000000000014
vertex -0.5000000000000002 -0.4800000000000002 0.2967500000000001
endloop
endfacet
facet normal -0.7071067811865475 -0.7071067811865475 0
outer loop
vertex -0.4900000000000002 -0.4900000000000002 0.2773200000000001
vertex -0.5000000000000002 -0.4800000000000002 0.2967500000000001
vertex -0.5000000000000002 -0.4800000000000002 0.2842300000000001
endloop
endfacet
facet normal -0.7071067811865476 -0.7071067811865476 0
outer loop
vertex -0.4900000000000002 -0.4900000000000002 0.2773200000000001
vertex -0.5000000000000002 -0.4800000000000002 0.2842300000000001
vertex -0.5000000000000002 -0.4800000000000002 0.28000000000000014
endloop
endfacet
facet normal -0.7071067811865475 -0.7071067811865475 0
outer loop
vertex -0.4900000000000002 -0.4900000000000002 0.2773200000000001
vertex -0.5000000000000002 -0.4800000000000002 0.28000000000000014
vertex -0.5000000000000002 -0.4800000000000002 -0.4800000000000002
endloop
endfacet
facet normal -0.7071067811865476 -0.7071067811865476 0
outer loop
vertex -0.4900000000000002 -0.4900000000000002 0.2773200000000001
vertex -0.5000000000000002 -0.4800000000000002 -0.4800000000000002
vertex -0.4800000000000002 -0.5000000000000002 -0.4800000000000002
endloop
endfacet
facet normal -0.7071067811865475 -0.7071067811865475 0
outer loop
vertex -0.4900000000000002 -0.4900000000000002 0.2773200000000001
vertex -0.4800000000000002 -0.5000000000000002 -0.4800000000000002
vertex -0.4800000000000002 -0.5000000000000002 0.28000000000000014
endloop
endfacet
facet normal -0.7071067811865476 -0.7071067811865476 0
outer loop
vertex -0.4900000000000002 -0.4900000000000002 0.2773200000000001
vertex -0.4800000000000002 -0.5000000000000002 0.28000000000000014
vertex -0.4800000000000002 -0.5000000000000002 0.2842300000000001
endloop
endfacet
facet normal -0.7071067811865475 -0.7071067811865475 0
outer loop
vertex -0.4900000000000002 -0.4900000000000002 0.2773200000000001
vertex -0.4800000000000002 -0.5000000000000002 0.2842300000000001
vertex -0.4800000000000002 -0.5000000000000002 0.2967500000000001
endloop
endfacet
facet normal -0.7071067811865476 -0.7071067811865476 0
outer loop
vertex -0.4900000000000002 -0.4900000000000002 0.2773200000000001
vertex -0.4800000000000002 -0.5000000000000002 0.2967500000000001
vertex -0.4800000000000002 -0.5000000000000002 0.31708000000000014
endloop
endfacet
facet normal -0.7071067811865475 -0.7071067811865475 0
outer loop
vertex -0.4900000000000002 -0.4900000000000002 0.2773200000000001
vertex -0.4800000000000002 -0.5000000000000002 0.31708000000000014
vertex -0.4800000000000002 -0.5000000000000002 0.34444000000000013
endloop
endfacet
facet normal -0.7071067811865476 -0.7071067811865476 0
outer loop
vertex -0.4900000000000002 -0.4900000000000002 0.2773200000000001
vertex -0.4800000000000002 -0.5000000000000002 0.34444000000000013
vertex -0.4800000000000002 -0.5000000000000002 0.37777000000000016
endloop
endfacet
facet normal -0.7071067811865475 -0.7071067811865475 0
outer loop
vertex -0.4900000000000002 -0.4900000000000002 0.2773200000000001
vertex -0.4800000000000002 -0.5000000000000002 0.37777000000000016
vertex -0.4800000000000002 -0.5000000000000002 0.4158100000000002
endloop
endfacet
facet normal -0.7071067811865476 -0.7071067811865476 0
outer loop
vertex -0.4900000000000002 -0.4900000000000002 0.2773200000000001
vertex -0.4800000000000002 -0.5000000000000002 0.4158100000000002
vertex -0.4800000000000002 -0.5000000000000002 0.4570800000000002
endloop
endfacet
facet normal -0.7071067811865476 -0.7071067811865476 0
outer loop
vertex -0.4900000000000002 -0.4900000000000002 0.2773200000000001
vertex -0.4800000000000002 -0.5000000000000002 0.4570800000000002
vertex -0.4800000000000002 -0.5000000000000002 0.4800000000000002
endloop
endfacet
facet normal -0.7071067811865476 -0.7071067811865476 0
outer loop
vertex -0.4900000000000002 -0.4900000000000002 0.2773200000000001
vertex -0.4800000000000002 -0.5000000000000002 0.4800000000000002
vertex -0.5000000000000002 -0.4800000000000002 0.4800000000000002
endloop
endfacet
facet normal -0.7071067811865476 -0.7071067811865476 0
outer loop
vertex -0.4900000000000002 -0.4900000000000002 0.2773200000000001
vertex -0.5000000000000002 -0.4800000000000002 0.4800000000000002
vertex -0.5000000000000002 -0.4800000000000002 0.4570800000000002
endloop
endfacet
facet normal 0.7071067811865476 -0.7071067811865476 0
outer loop
vertex 0.4900000000000002 -0.4900000000000002 0.2773200000000001
vertex 0.4800000000000002 -0.5000000000000002 0.4570800000000002
vertex 0.4800000000000002 -0.5000000000000002 0.4158100000000002
endloop
endfacet
facet normal 0.7071067811865475 -0.7071067811865475 0
outer loop
vertex 0.4900000000000002 -0.4900000000000002 0.2773200000000001
vertex 0.4800000000000002 -0.5000000000000002 0.4158100000000002
vertex 0.4800000000000002 -0.5000000000000002 0.37777000000000016
endloop
endfacet
facet normal 0.7071067811865476 -0.7071067811865476 0
outer loop
vertex 0.4900000000000002 -0.4900000000000002 0.2773200000000001
vertex 0.4800000000000002 -0.5000000000000002 0.37777000000000016
vertex 0.4800000000000002 -0.5000000000000002 0.34444000000000013
endloop
endfacet
facet normal 0.7071067811865475 -0.7071067811865475 0
outer loop
vertex 0.4900000000000002 -0.4900000000000002 0.2773200000000001
vertex 0.4800000000000002 -0.5000000000000002 0.34444000000000013
vertex 0.4800000000000002 -0.5000000000000002 0.31708000000000014
endloop
endfacet
facet normal 0.7071067811865476 -0.7071067811865476 0
outer loop
vertex 0.4900000000000002 -0.4900000000000002 0.2773200000000001
vertex 0.4800000000000002 -0.5000000000000002 0.31708000000000014
vertex 0.4800000000000002 -0.5000000000000002 0.2967500000000001
endloop
endfacet
facet normal 0.7071067811865475 -0.7071067811865475 0
outer loop
vertex 0.4900000000000002 -0.4900000000000002 0.2773200000000001
vertex 0.4800000000000002 -0.5000000000000002 0.2967500000000001
vertex 0.4800000000000002 -0.5000000000000002 0.2842300000000001
endloop
endfacet
facet normal 0.7071067811865476 -0.7071067811865476 0
outer loop
vertex 0.4900000000000002 -0.4900000000000002 0.2773200000000001
vertex 0.4800000000000002 -0.5000000000000002 0.2842300000000001
vertex 0.4800000000000002 -0.5000000000000002 0.28000000000000014
endloop
endfacet
facet normal 0.7071067811865475 -0.7071067811865475 0
outer loop
vertex 0.4900000000000002 -0.4900000000000002 0.2773200000000001
vertex 0.4800000000000002 -0.5000000000000002 0.28000000000000014
vertex 0.4800000000000002 -0.5000000000000002 -0.4800000000000002
endloop
endfacet
facet normal 0.7071067811865476 -0.7071067811865476 0
outer loop
vertex 0.4900000000000002 -0.4900000000000002 0.2773200000000001
vertex 0.4800000000000002 -0.5000000000000002 -0.4800000000000002
vertex 0.5000000000000002 -0.4800000000000002 -0.4800000000000002
endloop
endfacet
facet normal 0.7071067811865475 -0.7071067811865475 0
outer loop
vertex 0.4900000000000002 -0.4900000000000002 0.2773200000000001
vertex 0.5000000000000002 -0.4800000000000002 -0.4800000000000002
vertex 0.5000000000000002 -0.4800000000000002 0.28000000000000014
endloop
endfacet
facet normal 0.7071067811865476 -0.7071067811865476 0
outer loop
vertex 0.4900000000000002 -0.4900000000000002 0.2773200000000001
vertex 0.5000000000000002 -0.4800000000000002 0.28000000000000014
vertex 0.5000000000000002 -0.4800000000000002 0.2842300000000001
endloop
endfacet
facet normal 0.7071067811865475 -0.7071067811865475 0
outer loop
vertex 0.4900000000000002 -0.4900000000000002 0.2773200000000001
vertex 0.5000000000000002 -0.4800000000000002 0.2842300000000001
vertex 0.5000000000000002 -0.4800000000000002 0.2967500000000001
endloop
endfacet
facet normal 0.7071067811865476 -0.7071067811865476 0
outer loop
vertex 0.4900000000000002 -0.4900000000000002 0.2773200000000001
vertex 0.5000000000000002 -0.4800000000000002 0.2967500000000001
vertex 0.5000000000000002 -0.4800000000000002 0.31708000000000014
endloop
endfacet
facet normal 0.7071067811865475 -0.7071067811865475 0
outer loop
vertex 0.4900000000000002 -0.4900000000000002 0.2773200000000001
vertex 0.5000000000000002 -0.4800000000000002 0.31708000000000014
vertex 0.5000000000000002 -0.4800000000000002 0.34444000000000013
endloop
endfacet
facet normal 0.7071067811865476 -0.7071067811865476 0
outer loop
vertex 0.4900000000000002 -0.4900000000000002 0.2773200000000001
vertex 0.5000000000000002 -0.4800000000000002 0.34444000000000013
vertex 0.5000000000000002 -0.4800000000000002 0.37777000000000016
endloop
endfacet
facet normal 0.7071067811865475 -0.7071067811865475 0
outer loop
vertex 0.4900000000000002 -0.4900000000000002 0.2773200000000001
vertex 0.5000000000000002 -0.4800000000000002 0.37777000000000016
vertex 0.5000000000000002 -0.4800000000000002 0.4158100000000002
endloop
endfacet
facet normal 0.7071067811865476 -0.7071067811865476 0
outer loop
vertex 0.4900000000000002 -0.4900000000000002 0.2773200000000001
vertex 0.5000000000000002 -0.4800000000000002 0.4158100000000002
vertex 0.5000000000000002 -0.4800000000000002 0.4570800000000002
endloop
endfacet
facet normal 0.7071067811865476 -0.7071067811865476 0
outer loop
vertex 0.4900000000000002 -0.4900000000000002 0.2773200000000001
vertex 0.5000000000000002 -0.4800000000000002 0.4570800000000002
vertex 0.5000000000000002 -0.4800000000000002 0.4800000000000002
endloop
endfacet
facet normal 0.7071067811865476 -0.7071067811865476 0
outer loop
vertex 0.4900000000000002 -0.4900000000000002 0.2773200000000001
vertex 0.5000000000000002 -0.4800000000000002 0.4800000000000002
vertex 0.4800000000000002 -0.5000000000000002 0.4800000000000002
endloop
endfacet
facet normal 0.7071067811865476 -0.7071067811865476 0
outer loop
vertex 0.4900000000000002 -0.4900000000000002 0.2773200000000001
vertex 0.4800000000000002 -0.5000000000000002 0.4800000000000002
vertex 0.4800000000000002 -0.5000000000000002 0.4570800000000002
endloop
endfacet
facet normal 0.5773502691896257 0.5773502691896257 0.5773502691896257
outer loop
vertex 0.5000000000000002 0.4800000000000002 0.4800000000000002
vertex 0.4800000000000002 0.5000000000000002 0.4800000000000002
vertex 0.4800000000000002 0.4800000000000002 0.5000000000000002
endloop
endfacet
facet normal -0.5773502691896257 0.5773502691896257 0.5773502691896257
outer loop
vertex -0.4800000000000002 0.5000000000000002 0.4800000000000002
vertex -0.5000000000000002 0.4800000000000002 0.4800000000000002
vertex -0.4800000000000002 0.4800000000000002 0.5000000000000002
endloop
endfacet
facet normal -0.5773502691896257 -0.5773502691896257 0.5773502691896257
outer loop
vertex -0.5000000000000002 -0.4800000000000002 0.4800000000000002
vertex -0.4800000000000002 -0.5000000000000002 0.4800000000000002
vertex -0.4800000000000002 -0.4800000000000002 0.5000000000000002
endloop
endfacet
facet normal 0.5773502691896257 -0.5773502691896257 0.5773502691896257
outer loop
vertex 0.4800000000000002 -0.5000000000000002 0.4800000000000002
vertex 0.5000000000000002 -0.4800000000000002 0.4800000000000002
vertex 0.4800000000000002 -0.4800000000000002 0.5000000000000002
endloop
endfacet
facet normal 0.5773502691896257 -0.5773502691896257 -0.5773502691896257
outer loop
vertex 0.5000000000000002 -0.4800000000000002 -0.4800000000000002
vertex 0.4800000000000002 -0.5000000000000002 -0.4800000000000002
vertex 0.4800000000000002 -0.4800000000000002 -0.5000000000000002
endloop
endfacet
facet normal -0.5773502691896257 -0.5773502691896257 -0.5773502691896257
outer loop
vertex -0.4800000000000002 -0.5000000000000002 -0.4800000000000002
vertex -0.5000000000000002 -0.4800000000000002 -0.4800000000000002
vertex -0.4800000000000002 -0.4800000000000002 -0.5000000000000002
endloop
endfacet
facet normal -0.5773502691896257 0.5773502691896257 -0.5773502691896257
outer loop
vertex -0.5000000000000002 0.4800000000000002 -0.4800000000000002
vertex -0.4800000000000002 0.5000000000000002 -0.4800000000000002
vertex -0.4800000000000002 0.4800000000000002 -0.5000000000000002
endloop
endfacet
facet normal 0.5773502691896257 0.5773502691896257 -0.5773502691896257
outer loop
vertex 0.4800000000000002 0.5000000000000002 -0.4800000000000002
vertex 0.5000000000000002 0.4800000000000002 -0.4800000000000002
vertex 0.4800000000000002 0.4800000000000002 -0.5000000000000002
endloop
endfacet
facet normal 0 -0.7071067811865476 -0.7071067811865476
outer loop
vertex 0.4800000000000002 -0.5000000000000002 -0.4800000000000002
vertex -0.4800000000000002 -0.5000000000000002 -0.4800000000000002
vertex -0.4800000000000002 -0.4800000000000002 -0.5000000000000002
endloop
endfacet
facet normal 0 -0.7071067811865476 -0.7071067811865476
outer loop
vertex 0.4800000000000002 -0.5000000000000002 -0.4800000000000002
vertex -0.4800000000000002 -0.4800000000000002 -0.5000000000000002
vertex 0.4800000000000002 -0.4800000000000002 -0.5000000000000002
endloop
endfacet
facet normal -0.7071067811865476 0 -0.7071067811865476
outer loop
vertex -0.5000000000000002 -0.4800000000000002 -0.4800000000000002
vertex -0.5000000000000002 0.4800000000000002 -0.4800000000000002
vertex -0.4800000000000002 0.4800000000000002 -0.5000000000000002
endloop
endfacet
facet normal -0.7071067811865476 0 -0.7071067811865476
outer loop
vertex -0.5000000000000002 -0.4800000000000002 -0.4800000000000002
vertex -0.4800000000000002 0.4800000000000002 -0.5000000000000002
vertex -0.4800000000000002 -0.4800000000000002 -0.5000000000000002
endloop
endfacet
facet normal 0 0.7071067811865476 -0.7071067811865476
outer loop
vertex -0.4800000000000002 0.5000000000000002 -0.4800000000000002
vertex 0.4800000000000002 0.5000000000000002 -0.4800000000000002
vertex 0.4800000000000002 0.4800000000000002 -0.5000000000000002
endloop
endfacet
facet normal 0 0.7071067811865476 -0.7071067811865476
outer loop
vertex -0.4800000000000002 0.5000000000000002 -0.4800000000000002
vertex 0.4800000000000002 0.4800000000000002 -0.5000000000000002
vertex -0.4800000000000002 0.4800000000000002 -0.5000000000000002
endloop
endfacet
facet normal 0.7071067811865476 0 -0.7071067811865476
outer loop
vertex 0.5000000000000002 0.4800000000000002 -0.4800000000000002
vertex 0.5000000000000002 -0.4800000000000002 -0.4800000000000002
vertex 0.4800000000000002 -0.4800000000000002 -0.5000000000000002
endloop
endfacet
facet normal 0.7071067811865476 0 -0.7071067811865476
outer loop
vertex 0.5000000000000002 0.4800000000000002 -0.4800000000000002
vertex 0.4800000000000002 -0.4800000000000002 -0.5000000000000002
vertex 0.4800000000000002 0.4800000000000002 -0.5000000000000002
endloop
endfacet
facet normal 0 0 -1
outer loop
vertex 0.4800000000000002 -0.4800000000000002 -0.5000000000000002
vertex -0.4800000000000002 -0.4800000000000002 -0.5000000000000002
vertex -0.4800000000000002 0.4800000000000002 -0.5000000000000002
endloop
endfacet
facet normal 0 0 -1
outer loop
vertex 0.4800000000000002 -0.4800000000000002 -0.5000000000000002
vertex -0.4800000000000002 0.4800000000000002 -0.5000000000000002
vertex 0.4800000000000002 0.4800000000000002 -0.5000000000000002
endloop
endfacet
facet normal 0 0.7071067811865475 0.7071067811865475
outer loop
vertex 0.4800000000000002 0.5000000000000002 0.4800000000000002
vertex 0.21803000000000008 0.5000000000000002 0.4800000000000002
vertex 0.2000000000000001 0.4800000000000002 0.5000000000000002
endloop
endfacet
facet normal 0 0.7071067811865476 0.7071067811865476
outer loop
vertex 0.4800000000000002 0.5000000000000002 0.4800000000000002
vertex 0.2000000000000001 0.4800000000000002 0.5000000000000002
vertex 0.4800000000000002 0.4800000000000002 0.5000000000000002
endloop
endfacet
facet normal 0 0.7071067811865475 0.7071067811865475
outer loop
vertex -0.21803000000000008 0.5000000000000002 0.4800000000000002
vertex -0.4800000000000002 0.5000000000000002 0.4800000000000002
vertex -0.4800000000000002 0.4800000000000002 0.5000000000000002
endloop
endfacet
facet normal 0 0.7071067811865476 0.7071067811865476
outer loop
vertex -0.21803000000000008 0.5000000000000002 0.4800000000000002
vertex -0.4800000000000002 0.4800000000000002 0.5000000000000002
vertex -0.2000000000000001 0.4800000000000002 0.5000000000000002
endloop
endfacet
facet normal 0 -0.7071067811865476 0.7071067811865476
outer loop
vertex 0.4800000000000002 -0.4800000000000002 0.5000000000000002
vertex 0.2000000000000001 -0.4800000000000002 0.5000000000000002
vertex 0.21803000000000008 -0.5000000000000002 0.4800000000000002
endloop
endfacet
facet normal 0 -0.7071067811865475 0.7071067811865475
outer loop
vertex 0.4800000000000002 -0.4800000000000002 0.5000000000000002
vertex 0.21803000000000008 -0.5000000000000002 0.4800000000000002
vertex 0.4800000000000002 -0.5000000000000002 0.4800000000000002
endloop
endfacet
facet normal 0 -0.7071067811865475 0.7071067811865475
outer loop
vertex -0.4800000000000002 -0.4800000000000002 0.5000000000000002
vertex -0.4800000000000002 -0.5000000000000002 0.4800000000000002
vertex -0.21803000000000008 -0.5000000000000002 0.4800000000000002
endloop
endfacet
facet normal 0 -0.7071067811865476 0.7071067811865476
outer loop
vertex -0.4800000000000002 -0.4800000000000002 0.5000000000000002
vertex -0.21803000000000008 -0.5000000000000002 0.4800000000000002
vertex -0.2000000000000001 -0.4800000000000002 0.5000000000000002
endloop
endfacet
facet normal -0.6784266718357747 0.7052504985775885 0.2058129859797406
outer loop
vertex 0.2157700000000001 0.5000000000000002 0.4570800000000002
vertex 0.2032500000000001 0.5000000000000002 0.4158100000000002
vertex 0.18478000000000008 0.4800000000000002 0.42346000000000017
endloop
endfacet
facet normal -0.6783981908325202 0.7052929182561801 0.20576149817894665
outer loop
vertex 0.2157700000000001 0.5000000000000002 0.4570800000000002
vertex 0.18478000000000008 0.4800000000000002 0.42346000000000017
vertex 0.19616000000000008 0.4800000000000002 0.46098000000000017
endloop
endfacet
facet normal -0.6250649632998292 0.705477829059527 0.3340581152440992
outer loop
vertex 0.2032500000000001 0.5000000000000002 0.4158100000000002
vertex 0.18292000000000008 0.5000000000000002 0.37777000000000016
vertex 0.16629000000000008 0.4800000000000002 0.3888900000000002
endloop
endfacet
facet normal -0.6251657816464019 0.7052387220944656 0.3343741771085328
outer loop
vertex 0.2032500000000001 0.5000000000000002 0.4158100000000002
vertex 0.16629000000000008 0.4800000000000002 0.3888900000000002
vertex 0.18478000000000008 0.4800000000000002 0.42346000000000017
endloop
endfacet
facet normal -0.5479018163368797 0.7053488746496874 0.44976278712802364
outer loop
vertex 0.18292000000000008 0.5000000000000002 0.37777000000000016
vertex 0.15556000000000006 0.5000000000000002 0.34444000000000013
vertex 0.14142000000000005 0.4800000000000002 0.3585800000000002
endloop
endfacet
facet normal -0.5478772082070228 0.7055068675937343 0.4495449082186959
outer loop
vertex 0.18292000000000008 0.5000000000000002 0.37777000000000016
vertex 0.14142000000000005 0.4800000000000002 0.3585800000000002
vertex 0.16629000000000008 0.4800000000000002 0.3888900000000002
endloop
endfacet
facet normal -0.4495449082186965 0.7055068675937337 0.5478772082070229
outer loop
vertex 0.12223000000000005 0.5000000000000002 0.31708000000000014
vertex 0.11111000000000004 0.4800000000000002 0.3337100000000001
vertex 0.14142000000000005 0.4800000000000002 0.3585800000000002
endloop
endfacet
facet normal -0.4497627871280235 0.7053488746496874 0.5479018163368797
outer loop
vertex 0.12223000000000005 0.5000000000000002 0.31708000000000014
vertex 0.14142000000000005 0.4800000000000002 0.3585800000000002
vertex 0.15556000000000006 0.5000000000000002 0.34444000000000013
endloop
endfacet
facet normal -0.33437417710853284 0.705238722094465 0.6251657816464022
outer loop
vertex 0.08419000000000003 0.5000000000000002 0.2967500000000001
vertex 0.07654000000000004 0.4800000000000002 0.3152200000000001
vertex 0.11111000000000004 0.4800000000000002 0.3337100000000001
endloop
endfacet
facet normal -0.33405811524409945 0.7054778290595265 0.6250649632998297
outer loop
vertex 0.08419000000000003 0.5000000000000002 0.2967500000000001
vertex 0.11111000000000004 0.4800000000000002 0.3337100000000001
vertex 0.12223000000000005 0.5000000000000002 0.31708000000000014
endloop
endfacet
facet normal -0.20576149817894648 0.7052929182561805 0.67839819083252
outer loop
vertex 0.04292000000000002 0.5000000000000002 0.2842300000000001
vertex 0.03902000000000001 0.4800000000000002 0.3038400000000001
vertex 0.07654000000000004 0.4800000000000002 0.3152200000000001
endloop
endfacet
facet normal -0.20581298597974126 0.7052504985775881 0.678426671835775
outer loop
vertex 0.04292000000000002 0.5000000000000002 0.2842300000000001
vertex 0.07654000000000004 0.4800000000000002 0.3152200000000001
vertex 0.08419000000000003 0.5000000000000002 0.2967500000000001
endloop
endfacet
facet normal -0.06941926194553702 0.7054009377903229 0.7054009377903249
outer loop
vertex 0 0.5000000000000002 0.28000000000000014
vertex 0 0.4800000000000002 0.3000000000000001
vertex 0.03902000000000001 0.4800000000000002 0.3038400000000001
endloop
endfacet
facet normal -0.06953036126612804 0.7052960953840519 0.7054948240052595
outer loop
vertex 0 0.5000000000000002 0.28000000000000014
vertex 0.03902000000000001 0.4800000000000002 0.3038400000000001
vertex 0.04292000000000002 0.5000000000000002 0.2842300000000001
endloop
endfacet
facet normal 0.06953036126612804 0.7052960953840519 0.7054948240052595
outer loop
vertex 0 0.5000000000000002 0.28000000000000014
vertex -0.04292000000000002 0.5000000000000002 0.2842300000000001
vertex -0.03902000000000001 0.4800000000000002 0.3038400000000001
endloop
endfacet
facet normal 0.06941926194553702 0.7054009377903229 0.7054009377903249
outer loop
vertex 0 0.5000000000000002 0.28000000000000014
vertex -0.03902000000000001 0.4800000000000002 0.3038400000000001
vertex 0 0.4800000000000002 0.3000000000000001
endloop
endfacet
facet normal 0.20581298597974126 0.7052504985775881 0.678426671835775
outer loop
vertex -0.04292000000000002 0.5000000000000002 0.2842300000000001
vertex -0.08419000000000003 0.5000000000000002 0.2967500000000001
vertex -0.07654000000000004 0.4800000000000002 0.3152200000000001
endloop
endfacet
facet normal 0.20576149817894648 0.7052929182561805 0.67839819083252
outer loop
vertex -0.04292000000000002 0.5000000000000002 0.2842300000000001
vertex -0.07654000000000004 0.4800000000000002 0.3152200000000001
vertex -0.03902000000000001 0.4800000000000002 0.3038400000000001
endloop
endfacet
facet normal 0.33405811524409945 0.7054778290595265 0.6250649632998297
outer loop
vertex -0.08419000000000003 0.5000000000000002 0.2967500000000001
vertex -0.12223000000000005 0.5000000000000002 0.31708000000000014
vertex -0.11111000000000004 0.4800000000000002 0.3337100000000001
endloop
endfacet
facet normal 0.33437417710853284 0.705238722094465 0.6251657816464022
outer loop
vertex -0.08419000000000003 0.5000000000000002 0.2967500000000001
vertex -0.11111000000000004 0.4800000000000002 0.3337100000000001
vertex -0.07654000000000004 0.4800000000000002 0.3152200000000001
endloop
endfacet
facet normal 0.4497627871280235 0.7053488746496874 0.5479018163368797
outer loop
vertex -0.12223000000000005 0.5000000000000002 0.31708000000000014
vertex -0.15556000000000006 0.5000000000000002 0.34444000000000013
vertex -0.14142000000000005 0.4800000000000002 0.3585800000000002
endloop
endfacet
facet normal 0.4495449082186965 0.7055068675937337 0.5478772082070229
outer loop
vertex -0.12223000000000005 0.5000000000000002 0.31708000000000014
vertex -0.14142000000000005 0.4800000000000002 0.3585800000000002
vertex -0.11111000000000004 0.4800000000000002 0.3337100000000001
endloop
endfacet
facet normal 0.5479018163368797 0.7053488746496873 0.44976278712802364
outer loop
vertex -0.14142000000000005 0.4800000000000002 0.3585800000000002
vertex -0.15556000000000006 0.5000000000000002 0.34444000000000013
vertex -0.18292000000000008 0.5000000000000002 0.37777000000000016
endloop
endfacet
facet normal 0.5478772082070229 0.7055068675937344 0.4495449082186959
outer loop
vertex -0.14142000000000005 0.4800000000000002 0.3585800000000002
vertex -0.18292000000000008 0.5000000000000002 0.37777000000000016
vertex -0.16629000000000008 0.4800000000000002 0.3888900000000002
endloop
endfacet
facet normal 0.6250649632998293 0.7054778290595269 0.3340581152440992
outer loop
vertex -0.16629000000000008 0.4800000000000002 0.3888900000000002
vertex -0.18292000000000008 0.5000000000000002 0.37777000000000016
vertex -0.2032500000000001 0.5000000000000002 0.4158100000000002
endloop
endfacet
facet normal 0.6251657816464019 0.7052387220944656 0.33437417710853284
outer loop
vertex -0.16629000000000008 0.4800000000000002 0.3888900000000002
vertex -0.2032500000000001 0.5000000000000002 0.4158100000000002
vertex -0.18478000000000008 0.4800000000000002 0.42346000000000017
endloop
endfacet
facet normal 0.6784266718357747 0.7052504985775884 0.20581298597974057
outer loop
vertex -0.18478000000000008 0.4800000000000002 0.42346000000000017
vertex -0.2032500000000001 0.5000000000000002 0.4158100000000002
vertex -0.2157700000000001 0.5000000000000002 0.4570800000000002
endloop
endfacet
facet normal 0.6783981908325202 0.70529291825618 0.2057614981789467
outer loop
vertex -0.18478000000000008 0.4800000000000002 0.42346000000000017
vertex -0.2157700000000001 0.5000000000000002 0.4570800000000002
vertex -0.19616000000000008 0.4800000000000002 0.46098000000000017
endloop
endfacet
facet normal 0.7054898368193795 0.7052977662878892 0.06956400659737286
outer loop
vertex -0.19616000000000008 0.4800000000000002 0.46098000000000017
vertex -0.2157700000000001 0.5000000000000002 0.4570800000000002
vertex -0.21803000000000008 0.5000000000000002 0.4800000000000002
endloop
endfacet
facet normal 0.7054321525375947 0.705369419334895 0.0694223338222544
outer loop
vertex -0.19616000000000008 0.4800000000000002 0.46098000000000017
vertex -0.21803000000000008 0.5000000000000002 0.4800000000000002
vertex -0.2000000000000001 0.4800000000000002 0.5000000000000002
endloop
endfacet
facet normal 0.7052977662878892 0.7054898368193795 0.0695640065973729
outer loop
vertex 0.5000000000000002 -0.21803000000000008 0.4800000000000002
vertex 0.5000000000000002 -0.2157700000000001 0.4570800000000002
vertex 0.4800000000000002 -0.19616000000000008 0.46098000000000017
endloop
endfacet
facet normal 0.7053694193348952 0.7054321525375947 0.06942233382225438
outer loop
vertex 0.5000000000000002 -0.21803000000000008 0.4800000000000002
vertex 0.4800000000000002 -0.19616000000000008 0.46098000000000017
vertex 0.4800000000000002 -0.2000000000000001 0.5000000000000002
endloop
endfacet
facet normal -0.7052977662878892 0.7054898368193795 0.06956400659737286
outer loop
vertex -0.4800000000000002 -0.19616000000000008 0.46098000000000017
vertex -0.5000000000000002 -0.2157700000000001 0.4570800000000002
vertex -0.5000000000000002 -0.21803000000000008 0.4800000000000002
endloop
endfacet
facet normal -0.705369419334895 0.7054321525375947 0.0694223338222544
outer loop
vertex -0.4800000000000002 -0.19616000000000008 0.46098000000000017
vertex -0.5000000000000002 -0.21803000000000008 0.4800000000000002
vertex -0.4800000000000002 -0.2000000000000001 0.5000000000000002
endloop
endfacet
facet normal -0.7054898368193795 0.7052977662878892 0.0695640065973729
outer loop
vertex 0.21803000000000008 0.5000000000000002 0.4800000000000002
vertex 0.2157700000000001 0.5000000000000002 0.4570800000000002
vertex 0.19616000000000008 0.4800000000000002 0.46098000000000017
endloop
endfacet
facet normal -0.7054321525375947 0.7053694193348952 0.06942233382225438
outer loop
vertex 0.21803000000000008 0.5000000000000002 0.4800000000000002
