solid JSCAD
facet normal 0.7071067811865476 0.7071067811865476 0
outer loop
vertex 0.4900000000000001 0.4900000000000001 -0.17268333333333338
vertex 0.5000000000000001 0.4800000000000001 -0.04291666666666668
vertex 0.5000000000000001 0.4800000000000001 -0.08419166666666669
endloop
endfacet
facet normal 0.7071067811865476 0.7071067811865476 0
outer loop
vertex 0.4900000000000001 0.4900000000000001 -0.17268333333333338
vertex 0.5000000000000001 0.4800000000000001 -0.08419166666666669
vertex 0.5000000000000001 0.4800000000000001 -0.12222500000000003
endloop
endfacet
facet normal 0.7071067811865475 0.7071067811865475 0
outer loop
vertex 0.4900000000000001 0.4900000000000001 -0.17268333333333338
vertex 0.5000000000000001 0.4800000000000001 -0.12222500000000003
vertex 0.5000000000000001 0.4800000000000001 -0.15556666666666671
endloop
endfacet
facet normal 0.7071067811865476 0.7071067811865476 0
outer loop
vertex 0.4900000000000001 0.4900000000000001 -0.17268333333333338
vertex 0.5000000000000001 0.4800000000000001 -0.15556666666666671
vertex 0.5000000000000001 0.4800000000000001 -0.18292500000000006
endloop
endfacet
facet normal 0.7071067811865476 0.7071067811865476 0
outer loop
vertex 0.4900000000000001 0.4900000000000001 -0.17268333333333338
vertex 0.5000000000000001 0.4800000000000001 -0.18292500000000006
vertex 0.5000000000000001 0.4800000000000001 -0.20325000000000004
endloop
endfacet
facet normal 0.7071067811865476 0.7071067811865476 0
outer loop
vertex 0.4900000000000001 0.4900000000000001 -0.17268333333333338
vertex 0.5000000000000001 0.4800000000000001 -0.20325000000000004
vertex 0.5000000000000001 0.4800000000000001 -0.21577500000000005
endloop
endfacet
facet normal 0.7071067811865476 0.7071067811865476 0
outer loop
vertex 0.4900000000000001 0.4900000000000001 -0.17268333333333338
vertex 0.5000000000000001 0.4800000000000001 -0.21577500000000005
vertex 0.5000000000000001 0.4800000000000001 -0.22000000000000006
endloop
endfacet
facet normal 0.7071067811865476 0.7071067811865476 0
outer loop
vertex 0.4900000000000001 0.4900000000000001 -0.17268333333333338
vertex 0.5000000000000001 0.4800000000000001 -0.22000000000000006
vertex 0.5000000000000001 0.4800000000000001 -0.4800000000000001
endloop
endfacet
facet normal 0.7071067811865475 0.7071067811865475 0
outer loop
vertex 0.4900000000000001 0.4900000000000001 -0.17268333333333338
vertex 0.5000000000000001 0.4800000000000001 -0.4800000000000001
vertex 0.4800000000000001 0.5000000000000001 -0.4800000000000001
endloop
endfacet
facet normal 0.7071067811865476 0.7071067811865476 0
outer loop
vertex 0.4900000000000001 0.4900000000000001 -0.17268333333333338
vertex 0.4800000000000001 0.5000000000000001 -0.4800000000000001
vertex 0.4800000000000001 0.5000000000000001 -0.22000000000000006
endloop
endfacet
facet normal 0.7071067811865476 0.7071067811865476 0
outer loop
vertex 0.4900000000000001 0.4900000000000001 -0.17268333333333338
vertex 0.4800000000000001 0.5000000000000001 -0.22000000000000006
vertex 0.4800000000000001 0.5000000000000001 -0.21577500000000005
endloop
endfacet
facet normal 0.7071067811865476 0.7071067811865476 0
outer loop
vertex 0.4900000000000001 0.4900000000000001 -0.17268333333333338
vertex 0.4800000000000001 0.5000000000000001 -0.21577500000000005
vertex 0.4800000000000001 0.5000000000000001 -0.20325000000000004
endloop
endfacet
facet normal 0.7071067811865476 0.7071067811865476 0
outer loop
vertex 0.4900000000000001 0.4900000000000001 -0.17268333333333338
vertex 0.4800000000000001 0.5000000000000001 -0.20325000000000004
vertex 0.4800000000000001 0.5000000000000001 -0.18292500000000006
endloop
endfacet
facet normal 0.7071067811865476 0.7071067811865476 0
outer loop
vertex 0.4900000000000001 0.4900000000000001 -0.17268333333333338
vertex 0.4800000000000001 0.5000000000000001 -0.18292500000000006
vertex 0.4800000000000001 0.5000000000000001 -0.15556666666666671
endloop
endfacet
facet normal 0.7071067811865475 0.7071067811865475 0
outer loop
vertex 0.4900000000000001 0.4900000000000001 -0.17268333333333338
vertex 0.4800000000000001 0.5000000000000001 -0.15556666666666671
vertex 0.4800000000000001 0.5000000000000001 -0.12222500000000003
endloop
endfacet
facet normal 0.7071067811865476 0.7071067811865476 0
outer loop
vertex 0.4900000000000001 0.4900000000000001 -0.17268333333333338
vertex 0.4800000000000001 0.5000000000000001 -0.12222500000000003
vertex 0.4800000000000001 0.5000000000000001 -0.08419166666666669
endloop
endfacet
facet normal 0.7071067811865476 0.7071067811865476 0
outer loop
vertex 0.4900000000000001 0.4900000000000001 -0.17268333333333338
vertex 0.4800000000000001 0.5000000000000001 -0.08419166666666669
vertex 0.4800000000000001 0.5000000000000001 -0.04291666666666668
endloop
endfacet
facet normal 0.7071067811865476 0.7071067811865476 0
outer loop
vertex 0.4900000000000001 0.4900000000000001 -0.17268333333333338
vertex 0.4800000000000001 0.5000000000000001 -0.04291666666666668
vertex 0.4800000000000001 0.5000000000000001 -0.020000000000000004
endloop
endfacet
facet normal 0.7071067811865476 0.7071067811865476 0
outer loop
vertex 0.4900000000000001 0.4900000000000001 -0.17268333333333338
vertex 0.4800000000000001 0.5000000000000001 -0.020000000000000004
vertex 0.5000000000000001 0.4800000000000001 -0.020000000000000004
endloop
endfacet
facet normal 0.7071067811865476 0.7071067811865476 0
outer loop
vertex 0.4900000000000001 0.4900000000000001 -0.17268333333333338
vertex 0.5000000000000001 0.4800000000000001 -0.020000000000000004
vertex 0.5000000000000001 0.4800000000000001 -0.04291666666666668
endloop
endfacet
facet normal -0.7071067811865476 0.7071067811865476 0
outer loop
vertex -0.4900000000000001 0.4900000000000001 -0.17268333333333338
vertex -0.4800000000000001 0.5000000000000001 -0.04291666666666668
vertex -0.4800000000000001 0.5000000000000001 -0.08419166666666669
endloop
endfacet
facet normal -0.7071067811865476 0.7071067811865476 0
outer loop
vertex -0.4900000000000001 0.4900000000000001 -0.17268333333333338
vertex -0.4800000000000001 0.5000000000000001 -0.08419166666666669
vertex -0.4800000000000001 0.5000000000000001 -0.12222500000000003
endloop
endfacet
facet normal -0.7071067811865475 0.7071067811865475 0
outer loop
vertex -0.4900000000000001 0.4900000000000001 -0.17268333333333338
vertex -0.4800000000000001 0.5000000000000001 -0.12222500000000003
vertex -0.4800000000000001 0.5000000000000001 -0.15556666666666671
endloop
endfacet
facet normal -0.7071067811865476 0.7071067811865476 0
outer loop
vertex -0.4900000000000001 0.4900000000000001 -0.17268333333333338
vertex -0.4800000000000001 0.5000000000000001 -0.15556666666666671
vertex -0.4800000000000001 0.5000000000000001 -0.18292500000000006
endloop
endfacet
facet normal -0.7071067811865476 0.7071067811865476 0
outer loop
vertex -0.4900000000000001 0.4900000000000001 -0.17268333333333338
vertex -0.4800000000000001 0.5000000000000001 -0.18292500000000006
vertex -0.4800000000000001 0.5000000000000001 -0.20325000000000004
endloop
endfacet
facet normal -0.7071067811865476 0.7071067811865476 0
outer loop
vertex -0.4900000000000001 0.4900000000000001 -0.17268333333333338
vertex -0.4800000000000001 0.5000000000000001 -0.20325000000000004
vertex -0.4800000000000001 0.5000000000000001 -0.21577500000000005
endloop
endfacet
facet normal -0.7071067811865476 0.7071067811865476 0
outer loop
vertex -0.4900000000000001 0.4900000000000001 -0.17268333333333338
vertex -0.4800000000000001 0.5000000000000001 -0.21577500000000005
vertex -0.4800000000000001 0.5000000000000001 -0.22000000000000006
endloop
endfacet
facet normal -0.7071067811865476 0.7071067811865476 0
outer loop
vertex -0.4900000000000001 0.4900000000000001 -0.17268333333333338
vertex -0.4800000000000001 0.5000000000000001 -0.22000000000000006
vertex -0.4800000000000001 0.5000000000000001 -0.4800000000000001
endloop
endfacet
facet normal -0.7071067811865475 0.7071067811865475 0
outer loop
vertex -0.4900000000000001 0.4900000000000001 -0.17268333333333338
vertex -0.4800000000000001 0.5000000000000001 -0.4800000000000001
vertex -0.5000000000000001 0.4800000000000001 -0.4800000000000001
endloop
endfacet
facet normal -0.7071067811865476 0.7071067811865476 0
outer loop
vertex -0.4900000000000001 0.4900000000000001 -0.17268333333333338
vertex -0.5000000000000001 0.4800000000000001 -0.4800000000000001
vertex -0.5000000000000001 0.4800000000000001 -0.22000000000000006
endloop
endfacet
facet normal -0.7071067811865476 0.7071067811865476 0
outer loop
vertex -0.4900000000000001 0.4900000000000001 -0.17268333333333338
vertex -0.5000000000000001 0.4800000000000001 -0.22000000000000006
vertex -0.5000000000000001 0.4800000000000001 -0.21577500000000005
endloop
endfacet
facet normal -0.7071067811865476 0.7071067811865476 0
outer loop
vertex -0.4900000000000001 0.4900000000000001 -0.17268333333333338
vertex -0.5000000000000001 0.4800000000000001 -0.21577500000000005
vertex -0.5000000000000001 0.4800000000000001 -0.20325000000000004
endloop
endfacet
facet normal -0.7071067811865476 0.7071067811865476 0
outer loop
vertex -0.4900000000000001 0.4900000000000001 -0.17268333333333338
vertex -0.5000000000000001 0.4800000000000001 -0.20325000000000004
vertex -0.5000000000000001 0.4800000000000001 -0.18292500000000006
endloop
endfacet
facet normal -0.7071067811865476 0.7071067811865476 0
outer loop
vertex -0.4900000000000001 0.4900000000000001 -0.17268333333333338
vertex -0.5000000000000001 0.4800000000000001 -0.18292500000000006
vertex -0.5000000000000001 0.4800000000000001 -0.15556666666666671
endloop
endfacet
facet normal -0.7071067811865475 0.7071067811865475 0
outer loop
vertex -0.4900000000000001 0.4900000000000001 -0.17268333333333338
vertex -0.5000000000000001 0.4800000000000001 -0.15556666666666671
vertex -0.5000000000000001 0.4800000000000001 -0.12222500000000003
endloop
endfacet
facet normal -0.7071067811865476 0.7071067811865476 0
outer loop
vertex -0.4900000000000001 0.4900000000000001 -0.17268333333333338
vertex -0.5000000000000001 0.4800000000000001 -0.12222500000000003
vertex -0.5000000000000001 0.4800000000000001 -0.08419166666666669
endloop
endfacet
facet normal -0.7071067811865476 0.7071067811865476 0
outer loop
vertex -0.4900000000000001 0.4900000000000001 -0.17268333333333338
vertex -0.5000000000000001 0.4800000000000001 -0.08419166666666669
vertex -0.5000000000000001 0.4800000000000001 -0.04291666666666668
endloop
endfacet
facet normal -0.7071067811865476 0.7071067811865476 0
outer loop
vertex -0.4900000000000001 0.4900000000000001 -0.17268333333333338
vertex -0.5000000000000001 0.4800000000000001 -0.04291666666666668
vertex -0.5000000000000001 0.4800000000000001 -0.020000000000000004
endloop
endfacet
facet normal -0.7071067811865476 0.7071067811865476 0
outer loop
vertex -0.4900000000000001 0.4900000000000001 -0.17268333333333338
vertex -0.5000000000000001 0.4800000000000001 -0.020000000000000004
vertex -0.4800000000000001 0.5000000000000001 -0.020000000000000004
endloop
endfacet
facet normal -0.7071067811865476 0.7071067811865476 0
outer loop
vertex -0.4900000000000001 0.4900000000000001 -0.17268333333333338
vertex -0.4800000000000001 0.5000000000000001 -0.020000000000000004
vertex -0.4800000000000001 0.5000000000000001 -0.04291666666666668
endloop
endfacet
facet normal -0.7071067811865476 -0.7071067811865476 0
outer loop
vertex -0.4900000000000001 -0.4900000000000001 -0.17268333333333338
vertex -0.5000000000000001 -0.4800000000000001 -0.04291666666666668
vertex -0.5000000000000001 -0.4800000000000001 -0.08419166666666669
endloop
endfacet
facet normal -0.7071067811865476 -0.7071067811865476 0
outer loop
vertex -0.4900000000000001 -0.4900000000000001 -0.17268333333333338
vertex -0.5000000000000001 -0.4800000000000001 -0.08419166666666669
vertex -0.5000000000000001 -0.4800000000000001 -0.12222500000000003
endloop
endfacet
facet normal -0.7071067811865475 -0.7071067811865475 0
outer loop
vertex -0.4900000000000001 -0.4900000000000001 -0.17268333333333338
vertex -0.5000000000000001 -0.4800000000000001 -0.12222500000000003
vertex -0.5000000000000001 -0.4800000000000001 -0.15556666666666671
endloop
endfacet
facet normal -0.7071067811865476 -0.7071067811865476 0
outer loop
vertex -0.4900000000000001 -0.4900000000000001 -0.17268333333333338
vertex -0.5000000000000001 -0.4800000000000001 -0.15556666666666671
vertex -0.5000000000000001 -0.4800000000000001 -0.18292500000000006
endloop
endfacet
facet normal -0.7071067811865476 -0.7071067811865476 0
outer loop
vertex -0.4900000000000001 -0.4900000000000001 -0.17268333333333338
vertex -0.5000000000000001 -0.4800000000000001 -0.18292500000000006
vertex -0.5000000000000001 -0.4800000000000001 -0.20325000000000004
endloop
endfacet
facet normal -0.7071067811865476 -0.7071067811865476 0
outer loop
vertex -0.4900000000000001 -0.4900000000000001 -0.17268333333333338
vertex -0.5000000000000001 -0.4800000000000001 -0.20325000000000004
vertex -0.5000000000000001 -0.4800000000000001 -0.21577500000000005
endloop
endfacet
facet normal -0.7071067811865476 -0.7071067811865476 0
outer loop
vertex -0.4900000000000001 -0.4900000000000001 -0.17268333333333338
vertex -0.5000000000000001 -0.4800000000000001 -0.21577500000000005
vertex -0.5000000000000001 -0.4800000000000001 -0.22000000000000006
endloop
endfacet
facet normal -0.7071067811865476 -0.7071067811865476 0
outer loop
vertex -0.4900000000000001 -0.4900000000000001 -0.17268333333333338
vertex -0.5000000000000001 -0.4800000000000001 -0.22000000000000006
vertex -0.5000000000000001 -0.4800000000000001 -0.4800000000000001
endloop
endfacet
facet normal -0.7071067811865475 -0.7071067811865475 0
outer loop
vertex -0.4900000000000001 -0.4900000000000001 -0.17268333333333338
vertex -0.5000000000000001 -0.4800000000000001 -0.4800000000000001
vertex -0.4800000000000001 -0.5000000000000001 -0.4800000000000001
endloop
endfacet
facet normal -0.7071067811865476 -0.7071067811865476 0
outer loop
vertex -0.4900000000000001 -0.4900000000000001 -0.17268333333333338
vertex -0.4800000000000001 -0.5000000000000001 -0.4800000000000001
vertex -0.4800000000000001 -0.5000000000000001 -0.22000000000000006
endloop
endfacet
facet normal -0.7071067811865476 -0.7071067811865476 0
outer loop
vertex -0.4900000000000001 -0.4900000000000001 -0.17268333333333338
vertex -0.4800000000000001 -0.5000000000000001 -0.22000000000000006
vertex -0.4800000000000001 -0.5000000000000001 -0.21577500000000005
endloop
endfacet
facet normal -0.7071067811865476 -0.7071067811865476 0
outer loop
vertex -0.4900000000000001 -0.4900000000000001 -0.17268333333333338
vertex -0.4800000000000001 -0.5000000000000001 -0.21577500000000005
vertex -0.4800000000000001 -0.5000000000000001 -0.20325000000000004
endloop
endfacet
facet normal -0.7071067811865476 -0.7071067811865476 0
outer loop
vertex -0.4900000000000001 -0.4900000000000001 -0.17268333333333338
vertex -0.4800000000000001 -0.5000000000000001 -0.20325000000000004
vertex -0.4800000000000001 -0.5000000000000001 -0.18292500000000006
endloop
endfacet
facet normal -0.7071067811865476 -0.7071067811865476 0
outer loop
vertex -0.4900000000000001 -0.4900000000000001 -0.17268333333333338
vertex -0.4800000000000001 -0.5000000000000001 -0.18292500000000006
vertex -0.4800000000000001 -0.5000000000000001 -0.15556666666666671
endloop
endfacet
facet normal -0.7071067811865475 -0.7071067811865475 0
outer loop
vertex -0.4900000000000001 -0.4900000000000001 -0.17268333333333338
vertex -0.4800000000000001 -0.5000000000000001 -0.15556666666666671
vertex -0.4800000000000001 -0.5000000000000001 -0.12222500000000003
endloop
endfacet
facet normal -0.7071067811865476 -0.7071067811865476 0
outer loop
vertex -0.4900000000000001 -0.4900000000000001 -0.17268333333333338
vertex -0.4800000000000001 -0.5000000000000001 -0.12222500000000003
vertex -0.4800000000000001 -0.5000000000000001 -0.08419166666666669
endloop
endfacet
facet normal -0.7071067811865476 -0.7071067811865476 0
outer loop
vertex -0.4900000000000001 -0.4900000000000001 -0.17268333333333338
vertex -0.4800000000000001 -0.5000000000000001 -0.08419166666666669
vertex -0.4800000000000001 -0.5000000000000001 -0.04291666666666668
endloop
endfacet
facet normal -0.7071067811865476 -0.7071067811865476 0
outer loop
vertex -0.4900000000000001 -0.4900000000000001 -0.17268333333333338
vertex -0.4800000000000001 -0.5000000000000001 -0.04291666666666668
vertex -0.4800000000000001 -0.5000000000000001 -0.020000000000000004
endloop
endfacet
facet normal -0.7071067811865476 -0.7071067811865476 0
outer loop
vertex -0.4900000000000001 -0.4900000000000001 -0.17268333333333338
vertex -0.4800000000000001 -0.5000000000000001 -0.020000000000000004
vertex -0.5000000000000001 -0.4800000000000001 -0.020000000000000004
endloop
endfacet
facet normal -0.7071067811865476 -0.7071067811865476 0
outer loop
vertex -0.4900000000000001 -0.4900000000000001 -0.17268333333333338
vertex -0.5000000000000001 -0.4800000000000001 -0.020000000000000004
vertex -0.5000000000000001 -0.4800000000000001 -0.04291666666666668
endloop
endfacet
facet normal 0.7071067811865476 -0.7071067811865476 0
outer loop
vertex 0.4900000000000001 -0.4900000000000001 -0.17268333333333338
vertex 0.4800000000000001 -0.5000000000000001 -0.04291666666666668
vertex 0.4800000000000001 -0.5000000000000001 -0.08419166666666669
endloop
endfacet
facet normal 0.7071067811865476 -0.7071067811865476 0
outer loop
vertex 0.4900000000000001 -0.4900000000000001 -0.17268333333333338
vertex 0.4800000000000001 -0.5000000000000001 -0.08419166666666669
vertex 0.4800000000000001 -0.5000000000000001 -0.12222500000000003
endloop
endfacet
facet normal 0.7071067811865475 -0.7071067811865475 0
outer loop
vertex 0.4900000000000001 -0.4900000000000001 -0.17268333333333338
vertex 0.4800000000000001 -0.5000000000000001 -0.12222500000000003
vertex 0.4800000000000001 -0.5000000000000001 -0.15556666666666671
endloop
endfacet
facet normal 0.7071067811865476 -0.7071067811865476 0
outer loop
vertex 0.4900000000000001 -0.4900000000000001 -0.17268333333333338
vertex 0.4800000000000001 -0.5000000000000001 -0.15556666666666671
vertex 0.4800000000000001 -0.5000000000000001 -0.18292500000000006
endloop
endfacet
facet normal 0.7071067811865476 -0.7071067811865476 0
outer loop
vertex 0.4900000000000001 -0.4900000000000001 -0.17268333333333338
vertex 0.4800000000000001 -0.5000000000000001 -0.18292500000000006
vertex 0.4800000000000001 -0.5000000000000001 -0.20325000000000004
endloop
endfacet
facet normal 0.7071067811865476 -0.7071067811865476 0
outer loop
vertex 0.4900000000000001 -0.4900000000000001 -0.17268333333333338
vertex 0.4800000000000001 -0.5000000000000001 -0.20325000000000004
vertex 0.4800000000000001 -0.5000000000000001 -0.21577500000000005
endloop
endfacet
facet normal 0.7071067811865476 -0.7071067811865476 0
outer loop
vertex 0.4900000000000001 -0.4900000000000001 -0.17268333333333338
vertex 0.4800000000000001 -0.5000000000000001 -0.21577500000000005
vertex 0.4800000000000001 -0.5000000000000001 -0.22000000000000006
endloop
endfacet
facet normal 0.7071067811865476 -0.7071067811865476 0
outer loop
vertex 0.4900000000000001 -0.4900000000000001 -0.17268333333333338
vertex 0.4800000000000001 -0.5000000000000001 -0.22000000000000006
vertex 0.4800000000000001 -0.5000000000000001 -0.4800000000000001
endloop
endfacet
facet normal 0.7071067811865475 -0.7071067811865475 0
outer loop
vertex 0.4900000000000001 -0.4900000000000001 -0.17268333333333338
vertex 0.4800000000000001 -0.5000000000000001 -0.4800000000000001
vertex 0.5000000000000001 -0.4800000000000001 -0.4800000000000001
endloop
endfacet
facet normal 0.7071067811865476 -0.7071067811865476 0
outer loop
vertex 0.4900000000000001 -0.4900000000000001 -0.17268333333333338
vertex 0.5000000000000001 -0.4800000000000001 -0.4800000000000001
vertex 0.5000000000000001 -0.4800000000000001 -0.22000000000000006
endloop
endfacet
facet normal 0.7071067811865476 -0.7071067811865476 0
outer loop
vertex 0.4900000000000001 -0.4900000000000001 -0.17268333333333338
vertex 0.5000000000000001 -0.4800000000000001 -0.22000000000000006
vertex 0.5000000000000001 -0.4800000000000001 -0.21577500000000005
endloop
endfacet
facet normal 0.7071067811865476 -0.7071067811865476 0
outer loop
vertex 0.4900000000000001 -0.4900000000000001 -0.17268333333333338
vertex 0.5000000000000001 -0.4800000000000001 -0.21577500000000005
vertex 0.5000000000000001 -0.4800000000000001 -0.20325000000000004
endloop
endfacet
facet normal 0.7071067811865476 -0.7071067811865476 0
outer loop
vertex 0.4900000000000001 -0.4900000000000001 -0.17268333333333338
vertex 0.5000000000000001 -0.4800000000000001 -0.20325000000000004
vertex 0.5000000000000001 -0.4800000000000001 -0.18292500000000006
endloop
endfacet
facet normal 0.7071067811865476 -0.7071067811865476 0
outer loop
vertex 0.4900000000000001 -0.4900000000000001 -0.17268333333333338
vertex 0.5000000000000001 -0.4800000000000001 -0.18292500000000006
vertex 0.5000000000000001 -0.4800000000000001 -0.15556666666666671
endloop
endfacet
facet normal 0.7071067811865475 -0.7071067811865475 0
outer loop
vertex 0.4900000000000001 -0.4900000000000001 -0.17268333333333338
vertex 0.5000000000000001 -0.4800000000000001 -0.15556666666666671
vertex 0.5000000000000001 -0.4800000000000001 -0.12222500000000003
endloop
endfacet
facet normal 0.7071067811865476 -0.7071067811865476 0
outer loop
vertex 0.4900000000000001 -0.4900000000000001 -0.17268333333333338
vertex 0.5000000000000001 -0.4800000000000001 -0.12222500000000003
vertex 0.5000000000000001 -0.4800000000000001 -0.08419166666666669
endloop
endfacet
facet normal 0.7071067811865476 -0.7071067811865476 0
outer loop
vertex 0.4900000000000001 -0.4900000000000001 -0.17268333333333338
vertex 0.5000000000000001 -0.4800000000000001 -0.08419166666666669
vertex 0.5000000000000001 -0.4800000000000001 -0.04291666666666668
endloop
endfacet
facet normal 0.7071067811865476 -0.7071067811865476 0
outer loop
vertex 0.4900000000000001 -0.4900000000000001 -0.17268333333333338
vertex 0.5000000000000001 -0.4800000000000001 -0.04291666666666668
vertex 0.5000000000000001 -0.4800000000000001 -0.020000000000000004
endloop
endfacet
facet normal 0.7071067811865476 -0.7071067811865476 0
outer loop
vertex 0.4900000000000001 -0.4900000000000001 -0.17268333333333338
vertex 0.5000000000000001 -0.4800000000000001 -0.020000000000000004
vertex 0.4800000000000001 -0.5000000000000001 -0.020000000000000004
endloop
endfacet
facet normal 0.7071067811865476 -0.7071067811865476 0
outer loop
vertex 0.4900000000000001 -0.4900000000000001 -0.17268333333333338
vertex 0.4800000000000001 -0.5000000000000001 -0.020000000000000004
vertex 0.4800000000000001 -0.5000000000000001 -0.04291666666666668
endloop
endfacet
facet normal 0.5773502691896256 0.5773502691896256 0.577350269189626
outer loop
vertex 0.5000000000000001 0.4800000000000001 -0.020000000000000004
vertex 0.4800000000000001 0.5000000000000001 -0.020000000000000004
vertex 0.4800000000000001 0.4800000000000001 0
endloop
endfacet
facet normal -0.5773502691896256 0.5773502691896256 0.577350269189626
outer loop
vertex -0.4800000000000001 0.5000000000000001 -0.020000000000000004
vertex -0.5000000000000001 0.4800000000000001 -0.020000000000000004
vertex -0.4800000000000001 0.4800000000000001 0
endloop
endfacet
facet normal -0.5773502691896256 -0.5773502691896256 0.577350269189626
outer loop
vertex -0.5000000000000001 -0.4800000000000001 -0.020000000000000004
vertex -0.4800000000000001 -0.5000000000000001 -0.020000000000000004
vertex -0.4800000000000001 -0.4800000000000001 0
endloop
endfacet
facet normal 0.5773502691896256 -0.5773502691896256 0.577350269189626
outer loop
vertex 0.4800000000000001 -0.5000000000000001 -0.020000000000000004
vertex 0.5000000000000001 -0.4800000000000001 -0.020000000000000004
vertex 0.4800000000000001 -0.4800000000000001 0
endloop
endfacet
facet normal 0.5773502691896257 -0.5773502691896257 -0.5773502691896257
outer loop
vertex 0.5000000000000001 -0.4800000000000001 -0.4800000000000001
vertex 0.4800000000000001 -0.5000000000000001 -0.4800000000000001
vertex 0.4800000000000001 -0.4800000000000001 -0.5000000000000001
endloop
endfacet
facet normal -0.5773502691896257 -0.5773502691896257 -0.5773502691896257
outer loop
vertex -0.4800000000000001 -0.5000000000000001 -0.4800000000000001
vertex -0.5000000000000001 -0.4800000000000001 -0.4800000000000001
vertex -0.4800000000000001 -0.4800000000000001 -0.5000000000000001
endloop
endfacet
facet normal -0.5773502691896257 0.5773502691896257 -0.5773502691896257
outer loop
vertex -0.5000000000000001 0.4800000000000001 -0.4800000000000001
vertex -0.4800000000000001 0.5000000000000001 -0.4800000000000001
vertex -0.4800000000000001 0.4800000000000001 -0.5000000000000001
endloop
endfacet
facet normal 0.5773502691896257 0.5773502691896257 -0.5773502691896257
outer loop
vertex 0.4800000000000001 0.5000000000000001 -0.4800000000000001
vertex 0.5000000000000001 0.4800000000000001 -0.4800000000000001
vertex 0.4800000000000001 0.4800000000000001 -0.5000000000000001
endloop
endfacet
facet normal 0 -0.7071067811865476 -0.7071067811865476
outer loop
vertex 0.4800000000000001 -0.5000000000000001 -0.4800000000000001
vertex -0.4800000000000001 -0.5000000000000001 -0.4800000000000001
vertex -0.4800000000000001 -0.4800000000000001 -0.5000000000000001
endloop
endfacet
facet normal 0 -0.7071067811865476 -0.7071067811865476
outer loop
vertex 0.4800000000000001 -0.5000000000000001 -0.4800000000000001
vertex -0.4800000000000001 -0.4800000000000001 -0.5000000000000001
vertex 0.4800000000000001 -0.4800000000000001 -0.5000000000000001
endloop
endfacet
facet normal -0.7071067811865476 0 -0.7071067811865476
outer loop
vertex -0.5000000000000001 -0.4800000000000001 -0.4800000000000001
vertex -0.5000000000000001 0.4800000000000001 -0.4800000000000001
vertex -0.4800000000000001 0.4800000000000001 -0.5000000000000001
endloop
endfacet
facet normal -0.7071067811865476 0 -0.7071067811865476
outer loop
vertex -0.5000000000000001 -0.4800000000000001 -0.4800000000000001
vertex -0.4800000000000001 0.4800000000000001 -0.5000000000000001
vertex -0.4800000000000001 -0.4800000000000001 -0.5000000000000001
endloop
endfacet
facet normal 0 0.7071067811865476 -0.7071067811865476
outer loop
vertex -0.4800000000000001 0.5000000000000001 -0.4800000000000001
vertex 0.4800000000000001 0.5000000000000001 -0.4800000000000001
vertex 0.4800000000000001 0.4800000000000001 -0.5000000000000001
endloop
endfacet
facet normal 0 0.7071067811865476 -0.7071067811865476
outer loop
vertex -0.4800000000000001 0.5000000000000001 -0.4800000000000001
vertex 0.4800000000000001 0.4800000000000001 -0.5000000000000001
vertex -0.4800000000000001 0.4800000000000001 -0.5000000000000001
endloop
endfacet
facet normal 0.7071067811865476 0 -0.7071067811865476
outer loop
vertex 0.5000000000000001 0.4800000000000001 -0.4800000000000001
vertex 0.5000000000000001 -0.4800000000000001 -0.4800000000000001
vertex 0.4800000000000001 -0.4800000000000001 -0.5000000000000001
endloop
endfacet
facet normal 0.7071067811865476 0 -0.7071067811865476
outer loop
vertex 0.5000000000000001 0.4800000000000001 -0.4800000000000001
vertex 0.4800000000000001 -0.4800000000000001 -0.5000000000000001
vertex 0.4800000000000001 0.4800000000000001 -0.5000000000000001
endloop
endfacet
facet normal 0 0 -0.9999999999999999
outer loop
vertex 0.4800000000000001 -0.4800000000000001 -0.5000000000000001
vertex -0.4800000000000001 -0.4800000000000001 -0.5000000000000001
vertex -0.4800000000000001 0.4800000000000001 -0.5000000000000001
endloop
endfacet
facet normal 0 0 -0.9999999999999999
outer loop
vertex 0.4800000000000001 -0.4800000000000001 -0.5000000000000001
vertex -0.4800000000000001 0.4800000000000001 -0.5000000000000001
vertex 0.4800000000000001 0.4800000000000001 -0.5000000000000001
endloop
endfacet
facet normal 0 0.7071067811865474 0.7071067811865478
outer loop
vertex 0.4800000000000001 0.5000000000000001 -0.020000000000000004
vertex 0.21803333333333338 0.5000000000000001 -0.020000000000000004
vertex 0.20000000000000004 0.4800000000000001 0
endloop
endfacet
facet normal 0 0.7071067811865472 0.7071067811865477
outer loop
vertex 0.4800000000000001 0.5000000000000001 -0.020000000000000004
vertex 0.20000000000000004 0.4800000000000001 0
vertex 0.4800000000000001 0.4800000000000001 0
endloop
endfacet
facet normal 0 0.7071067811865474 0.7071067811865478
outer loop
vertex -0.21803333333333338 0.5000000000000001 -0.020000000000000004
vertex -0.4800000000000001 0.5000000000000001 -0.020000000000000004
vertex -0.4800000000000001 0.4800000000000001 0
endloop
endfacet
facet normal 0 0.7071067811865472 0.7071067811865477
outer loop
vertex -0.21803333333333338 0.5000000000000001 -0.020000000000000004
vertex -0.4800000000000001 0.4800000000000001 0
vertex -0.20000000000000004 0.4800000000000001 0
endloop
endfacet
facet normal 0 -0.7071067811865472 0.7071067811865477
outer loop
vertex 0.4800000000000001 -0.4800000000000001 0
vertex 0.20000000000000004 -0.4800000000000001 0
vertex 0.21803333333333338 -0.5000000000000001 -0.020000000000000004
endloop
endfacet
facet normal 0 -0.7071067811865474 0.7071067811865478
outer loop
vertex 0.4800000000000001 -0.4800000000000001 0
vertex 0.21803333333333338 -0.5000000000000001 -0.020000000000000004
vertex 0.4800000000000001 -0.5000000000000001 -0.020000000000000004
endloop
endfacet
facet normal 0 -0.7071067811865474 0.7071067811865478
outer loop
vertex -0.4800000000000001 -0.4800000000000001 0
vertex -0.4800000000000001 -0.5000000000000001 -0.020000000000000004
vertex -0.21803333333333338 -0.5000000000000001 -0.020000000000000004
endloop
endfacet
facet normal 0 -0.7071067811865472 0.7071067811865477
outer loop
vertex -0.4800000000000001 -0.4800000000000001 0
vertex -0.21803333333333338 -0.5000000000000001 -0.020000000000000004
vertex -0.20000000000000004 -0.4800000000000001 0
endloop
endfacet
facet normal -0.6782860245088079 0.7053815175623607 0.2058275580126668
outer loop
vertex 0.21577500000000005 0.5000000000000001 -0.04291666666666668
vertex 0.20325000000000004 0.5000000000000001 -0.08419166666666669
vertex 0.18477500000000005 0.4800000000000001 -0.07653333333333336
endloop
endfacet
facet normal -0.6782717116080957 0.7054028311725641 0.20580167882200312
outer loop
vertex 0.21577500000000005 0.5000000000000001 -0.04291666666666668
vertex 0.18477500000000005 0.4800000000000001 -0.07653333333333336
vertex 0.19615833333333338 0.4800000000000001 -0.03901666666666668
endloop
endfacet
facet normal -0.6251156735191562 0.7054312470227887 0.33406159678203784
outer loop
vertex 0.20325000000000004 0.5000000000000001 -0.08419166666666669
vertex 0.18292500000000006 0.5000000000000001 -0.12222500000000003
vertex 0.1662916666666667 0.4800000000000001 -0.1111166666666667
endloop
endfacet
facet normal -0.6251296695066295 0.7053980764639252 0.3341054474616157
outer loop
vertex 0.20325000000000004 0.5000000000000001 -0.08419166666666669
vertex 0.1662916666666667 0.4800000000000001 -0.1111166666666667
vertex 0.18477500000000005 0.4800000000000001 -0.07653333333333336
endloop
endfacet
facet normal -0.5479657079475831 0.7053836146925004 0.4496304471861822
outer loop
vertex 0.18292500000000006 0.5000000000000001 -0.12222500000000003
vertex 0.15556666666666671 0.5000000000000001 -0.15556666666666671
vertex 0.14142500000000002 0.4800000000000001 -0.14142500000000002
endloop
endfacet
facet normal -0.5479596641663419 0.7054223596869608 0.44957702443562425
outer loop
vertex 0.18292500000000006 0.5000000000000001 -0.12222500000000003
vertex 0.14142500000000002 0.4800000000000001 -0.14142500000000002
vertex 0.1662916666666667 0.4800000000000001 -0.1111166666666667
endloop
endfacet
facet normal -0.44957702443562425 0.7054223596869608 0.5479596641663419
outer loop
vertex 0.12222500000000003 0.5000000000000001 -0.18292500000000006
vertex 0.1111166666666667 0.4800000000000001 -0.1662916666666667
vertex 0.14142500000000002 0.4800000000000001 -0.14142500000000002
endloop
endfacet
facet normal -0.4496304471861822 0.7053836146925004 0.5479657079475831
outer loop
vertex 0.12222500000000003 0.5000000000000001 -0.18292500000000006
vertex 0.14142500000000002 0.4800000000000001 -0.14142500000000002
vertex 0.15556666666666671 0.5000000000000001 -0.15556666666666671
endloop
endfacet
facet normal -0.3341054474616157 0.7053980764639252 0.6251296695066295
outer loop
vertex 0.08419166666666669 0.5000000000000001 -0.20325000000000004
vertex 0.07653333333333336 0.4800000000000001 -0.18477500000000005
vertex 0.1111166666666667 0.4800000000000001 -0.1662916666666667
endloop
endfacet
facet normal -0.33406159678203784 0.7054312470227887 0.6251156735191562
outer loop
vertex 0.08419166666666669 0.5000000000000001 -0.20325000000000004
vertex 0.1111166666666667 0.4800000000000001 -0.1662916666666667
vertex 0.12222500000000003 0.5000000000000001 -0.18292500000000006
endloop
endfacet
facet normal -0.20580167882200312 0.7054028311725641 0.6782717116080957
outer loop
vertex 0.04291666666666668 0.5000000000000001 -0.21577500000000005
vertex 0.03901666666666668 0.4800000000000001 -0.19615833333333338
vertex 0.07653333333333336 0.4800000000000001 -0.18477500000000005
endloop
endfacet
facet normal -0.2058275580126668 0.7053815175623607 0.6782860245088079
outer loop
vertex 0.04291666666666668 0.5000000000000001 -0.21577500000000005
vertex 0.07653333333333336 0.4800000000000001 -0.18477500000000005
vertex 0.08419166666666669 0.5000000000000001 -0.20325000000000004
endloop
endfacet
facet normal -0.06945515121881769 0.7053991713807052 0.7053991713807052
outer loop
vertex 0 0.5000000000000001 -0.22000000000000006
vertex 0 0.4800000000000001 -0.20000000000000004
vertex 0.03901666666666668 0.4800000000000001 -0.19615833333333338
endloop
endfacet
facet normal -0.06944315331623853 0.7054104911360565 0.7053890326994634
outer loop
vertex 0 0.5000000000000001 -0.22000000000000006
vertex 0.03901666666666668 0.4800000000000001 -0.19615833333333338
vertex 0.04291666666666668 0.5000000000000001 -0.21577500000000005
endloop
endfacet
facet normal 0.06944315331623853 0.7054104911360565 0.7053890326994634
outer loop
vertex 0 0.5000000000000001 -0.22000000000000006
vertex -0.04291666666666668 0.5000000000000001 -0.21577500000000005
vertex -0.03901666666666668 0.4800000000000001 -0.19615833333333338
endloop
endfacet
facet normal 0.06945515121881769 0.7053991713807052 0.7053991713807052
outer loop
vertex 0 0.5000000000000001 -0.22000000000000006
vertex -0.03901666666666668 0.4800000000000001 -0.19615833333333338
vertex 0 0.4800000000000001 -0.20000000000000004
endloop
endfacet
facet normal 0.2058275580126668 0.7053815175623607 0.6782860245088079
outer loop
vertex -0.04291666666666668 0.5000000000000001 -0.21577500000000005
vertex -0.08419166666666669 0.5000000000000001 -0.20325000000000004
vertex -0.07653333333333336 0.4800000000000001 -0.18477500000000005
endloop
endfacet
facet normal 0.20580167882200312 0.7054028311725641 0.6782717116080957
outer loop
vertex -0.04291666666666668 0.5000000000000001 -0.21577500000000005
vertex -0.07653333333333336 0.4800000000000001 -0.18477500000000005
vertex -0.03901666666666668 0.4800000000000001 -0.19615833333333338
endloop
endfacet
facet normal 0.33406159678203784 0.7054312470227887 0.6251156735191562
outer loop
vertex -0.08419166666666669 0.5000000000000001 -0.20325000000000004
vertex -0.12222500000000003 0.5000000000000001 -0.18292500000000006
vertex -0.1111166666666667 0.4800000000000001 -0.1662916666666667
endloop
endfacet
facet normal 0.3341054474616157 0.7053980764639252 0.6251296695066295
outer loop
vertex -0.08419166666666669 0.5000000000000001 -0.20325000000000004
vertex -0.1111166666666667 0.4800000000000001 -0.1662916666666667
vertex -0.07653333333333336 0.4800000000000001 -0.18477500000000005
endloop
endfacet
facet normal 0.4496304471861822 0.7053836146925004 0.5479657079475831
outer loop
vertex -0.12222500000000003 0.5000000000000001 -0.18292500000000006
vertex -0.15556666666666671 0.5000000000000001 -0.15556666666666671
vertex -0.14142500000000002 0.4800000000000001 -0.14142500000000002
endloop
endfacet
facet normal 0.44957702443562425 0.7054223596869608 0.5479596641663419
outer loop
vertex -0.12222500000000003 0.5000000000000001 -0.18292500000000006
vertex -0.14142500000000002 0.4800000000000001 -0.14142500000000002
vertex -0.1111166666666667 0.4800000000000001 -0.1662916666666667
endloop
endfacet
facet normal 0.5479657079475831 0.7053836146925005 0.4496304471861822
outer loop
vertex -0.14142500000000002 0.4800000000000001 -0.14142500000000002
vertex -0.15556666666666671 0.5000000000000001 -0.15556666666666671
vertex -0.18292500000000006 0.5000000000000001 -0.12222500000000003
endloop
endfacet
facet normal 0.5479596641663419 0.7054223596869608 0.44957702443562425
outer loop
vertex -0.14142500000000002 0.4800000000000001 -0.14142500000000002
vertex -0.18292500000000006 0.5000000000000001 -0.12222500000000003
vertex -0.1662916666666667 0.4800000000000001 -0.1111166666666667
endloop
endfacet
facet normal 0.6251156735191562 0.7054312470227886 0.3340615967820378
outer loop
vertex -0.1662916666666667 0.4800000000000001 -0.1111166666666667
vertex -0.18292500000000006 0.5000000000000001 -0.12222500000000003
vertex -0.20325000000000004 0.5000000000000001 -0.08419166666666669
endloop
endfacet
facet normal 0.6251296695066295 0.705398076463925 0.3341054474616157
outer loop
vertex -0.1662916666666667 0.4800000000000001 -0.1111166666666667
vertex -0.20325000000000004 0.5000000000000001 -0.08419166666666669
vertex -0.18477500000000005 0.4800000000000001 -0.07653333333333336
endloop
endfacet
facet normal 0.6782860245088079 0.7053815175623608 0.2058275580126668
outer loop
vertex -0.18477500000000005 0.4800000000000001 -0.07653333333333336
vertex -0.20325000000000004 0.5000000000000001 -0.08419166666666669
vertex -0.21577500000000005 0.5000000000000001 -0.04291666666666668
endloop
endfacet
facet normal 0.6782717116080957 0.7054028311725641 0.20580167882200315
outer loop
vertex -0.18477500000000005 0.4800000000000001 -0.07653333333333336
vertex -0.21577500000000005 0.5000000000000001 -0.04291666666666668
vertex -0.19615833333333338 0.4800000000000001 -0.03901666666666668
endloop
endfacet
facet normal 0.7053788496323815 0.7054139048236961 0.06951187936377286
outer loop
vertex -0.19615833333333338 0.4800000000000001 -0.03901666666666668
vertex -0.21577500000000005 0.5000000000000001 -0.04291666666666668
vertex -0.21803333333333338 0.5000000000000001 -0.020000000000000004
endloop
endfacet
facet normal 0.7053539423837384 0.7054448359218068 0.06945069787246962
outer loop
vertex -0.19615833333333338 0.4800000000000001 -0.03901666666666668
vertex -0.21803333333333338 0.5000000000000001 -0.020000000000000004
vertex -0.20000000000000004 0.4800000000000001 0
endloop
endfacet
facet normal 0.705413904823696 0.7053788496323815 0.06951187936377287
outer loop
vertex 0.5000000000000001 -0.21803333333333338 -0.020000000000000004
vertex 0.5000000000000001 -0.21577500000000005 -0.04291666666666668
vertex 0.4800000000000001 -0.19615833333333338 -0.03901666666666668
endloop
endfacet
facet normal 0.7054448359218068 0.7053539423837384 0.06945069787246962
outer loop
vertex 0.5000000000000001 -0.21803333333333338 -0.020000000000000004
vertex 0.4800000000000001 -0.19615833333333338 -0.03901666666666668
vertex 0.4800000000000001 -0.20000000000000004 0
endloop
endfacet
facet normal -0.7054139048236961 0.7053788496323815 0.06951187936377286
outer loop
vertex -0.4800000000000001 -0.19615833333333338 -0.03901666666666668
vertex -0.5000000000000001 -0.21577500000000005 -0.04291666666666668
vertex -0.5000000000000001 -0.21803333333333338 -0.020000000000000004
endloop
endfacet
facet normal -0.7054448359218068 0.7053539423837384 0.06945069787246962
outer loop
vertex -0.4800000000000001 -0.19615833333333338 -0.03901666666666668
vertex -0.5000000000000001 -0.21803333333333338 -0.020000000000000004
vertex -0.4800000000000001 -0.20000000000000004 0
endloop
endfacet
facet normal -0.7053788496323815 0.705413904823696 0.06951187936377287
outer loop
